第1次结果：
1 2 15 16 
12 14 3 5 
13 7 10 4 
8 11 6 9 

第2次结果：
1 2 15 16 
13 14 3 4 
12 7 10 5 
8 11 6 9 

第3次结果：
1 2 16 15 
13 14 4 3 
12 7 9 6 
8 11 5 10 

第4次结果：
1 3 14 16 
10 13 4 7 
15 6 11 2 
8 12 5 9 

第5次结果：
1 3 14 16 
12 13 4 5 
15 8 9 2 
6 10 7 11 

第6次结果：
1 3 14 16 
15 13 4 2 
10 6 11 7 
8 12 5 9 

第7次结果：
1 3 14 16 
15 13 4 2 
12 8 9 5 
6 10 7 11 

第8次结果：
1 3 16 14 
8 15 2 9 
13 6 11 4 
12 10 5 7 

第9次结果：
1 3 16 14 
12 15 2 5 
13 10 7 4 
8 6 9 11 

第10次结果：
1 3 16 14 
13 15 2 4 
8 6 11 9 
12 10 5 7 

第11次结果：
1 3 16 14 
13 15 2 4 
12 10 7 5 
8 6 9 11 

第12次结果：
1 4 13 16 
8 14 3 9 
15 5 12 2 
10 11 6 7 

第13次结果：
1 4 13 16 
8 15 2 9 
14 5 12 3 
11 10 7 6 

第14次结果：
1 4 13 16 
12 14 3 5 
15 9 8 2 
6 7 10 11 

第15次结果：
1 4 13 16 
12 15 2 5 
14 9 8 3 
7 6 11 10 

第16次结果：
1 4 13 16 
14 15 2 3 
8 5 12 9 
11 10 7 6 

第17次结果：
1 4 13 16 
14 15 2 3 
12 9 8 5 
7 6 11 10 

第18次结果：
1 4 13 16 
15 14 3 2 
8 5 12 9 
10 11 6 7 

第19次结果：
1 4 13 16 
15 14 3 2 
12 9 8 5 
6 7 10 11 

第20次结果：
1 4 14 15 
9 12 6 7 
16 5 11 2 
8 13 3 10 

第21次结果：
1 4 14 15 
13 16 2 3 
8 5 11 10 
12 9 7 6 

第22次结果：
1 4 14 15 
13 16 2 3 
12 9 7 6 
8 5 11 10 

第23次结果：
1 4 14 15 
16 11 5 2 
9 6 12 7 
8 13 3 10 

第24次结果：
1 4 14 15 
16 13 3 2 
7 6 12 9 
10 11 5 8 

第25次结果：
1 4 14 15 
16 13 3 2 
11 10 8 5 
6 7 9 12 

第26次结果：
1 4 15 14 
9 12 7 6 
16 5 10 3 
8 13 2 11 

第27次结果：
1 4 15 14 
13 16 3 2 
8 5 10 11 
12 9 6 7 

第28次结果：
1 4 15 14 
13 16 3 2 
12 9 6 7 
8 5 10 11 

第29次结果：
1 4 15 14 
16 10 5 3 
9 7 12 6 
8 13 2 11 

第30次结果：
1 4 15 14 
16 13 2 3 
6 7 12 9 
11 10 5 8 

第31次结果：
1 4 15 14 
16 13 2 3 
10 11 8 5 
7 6 9 12 

第32次结果：
1 4 16 13 
14 15 3 2 
7 6 10 11 
12 9 5 8 

第33次结果：
1 4 16 13 
14 15 3 2 
11 10 6 7 
8 5 9 12 

第34次结果：
1 4 16 13 
15 14 2 3 
6 7 11 10 
12 9 5 8 

第35次结果：
1 4 16 13 
15 14 2 3 
10 11 7 6 
8 5 9 12 

第36次结果：
1 5 12 16 
10 11 6 7 
15 4 13 2 
8 14 3 9 

第37次结果：
1 5 12 16 
14 11 6 3 
15 8 9 2 
4 10 7 13 

第38次结果：
1 5 12 16 
15 11 6 2 
10 4 13 7 
8 14 3 9 

第39次结果：
1 5 12 16 
15 11 6 2 
14 8 9 3 
4 10 7 13 

第40次结果：
1 5 16 12 
8 14 3 9 
10 4 13 7 
15 11 2 6 

第41次结果：
1 5 16 12 
10 14 3 7 
8 4 13 9 
15 11 2 6 

第42次结果：
1 5 16 12 
10 14 3 7 
15 11 6 2 
8 4 9 13 

第43次结果：
1 5 16 12 
15 14 3 2 
10 11 6 7 
8 4 9 13 

第44次结果：
1 6 11 16 
7 15 2 10 
14 4 13 3 
12 9 8 5 

第45次结果：
1 6 11 16 
8 12 5 9 
15 3 14 2 
10 13 4 7 

第46次结果：
1 6 11 16 
8 15 2 9 
12 3 14 5 
13 10 7 4 

第47次结果：
1 6 11 16 
12 10 7 5 
13 3 14 4 
8 15 2 9 

第48次结果：
1 6 11 16 
12 15 2 5 
8 3 14 9 
13 10 7 4 

第49次结果：
1 6 11 16 
12 15 2 5 
14 9 8 3 
7 4 13 10 

第50次结果：
1 6 11 16 
13 10 7 4 
12 3 14 5 
8 15 2 9 

第51次结果：
1 6 11 16 
14 12 5 3 
15 9 8 2 
4 7 10 13 

第52次结果：
1 6 11 16 
14 15 2 3 
7 4 13 10 
12 9 8 5 

第53次结果：
1 6 11 16 
14 15 2 3 
12 9 8 5 
7 4 13 10 

第54次结果：
1 6 11 16 
15 12 5 2 
8 3 14 9 
10 13 4 7 

第55次结果：
1 6 11 16 
15 12 5 2 
14 9 8 3 
4 7 10 13 

第56次结果：
1 6 12 15 
11 16 2 5 
8 3 13 10 
14 9 7 4 

第57次结果：
1 6 12 15 
11 16 2 5 
14 9 7 4 
8 3 13 10 

第58次结果：
1 6 12 15 
13 10 8 3 
16 7 9 2 
4 11 5 14 

第59次结果：
1 6 12 15 
16 9 7 2 
13 8 10 3 
4 11 5 14 

第60次结果：
1 6 12 15 
16 11 5 2 
7 4 14 9 
10 13 3 8 

第61次结果：
1 6 12 15 
16 11 5 2 
13 10 8 3 
4 7 9 14 

第62次结果：
1 6 15 12 
11 16 5 2 
8 3 10 13 
14 9 4 7 

第63次结果：
1 6 15 12 
11 16 5 2 
14 9 4 7 
8 3 10 13 

第64次结果：
1 6 15 12 
16 11 2 5 
4 7 14 9 
13 10 3 8 

第65次结果：
1 6 15 12 
16 11 2 5 
10 13 8 3 
7 4 9 14 

第66次结果：
1 6 16 11 
12 15 5 2 
7 4 10 13 
14 9 3 8 

第67次结果：
1 6 16 11 
12 15 5 2 
13 10 4 7 
8 3 9 14 

第68次结果：
1 6 16 11 
15 12 2 5 
4 7 13 10 
14 9 3 8 

第69次结果：
1 6 16 11 
15 12 2 5 
10 13 7 4 
8 3 9 14 

第70次结果：
1 7 10 16 
8 12 5 9 
14 2 15 3 
11 13 4 6 

第71次结果：
1 7 10 16 
8 14 3 9 
12 2 15 5 
13 11 6 4 

第72次结果：
1 7 10 16 
12 9 8 5 
15 4 13 2 
6 14 3 11 

第73次结果：
1 7 10 16 
12 14 3 5 
8 2 15 9 
13 11 6 4 

第74次结果：
1 7 10 16 
12 14 3 5 
15 9 8 2 
6 4 13 11 

第75次结果：
1 7 10 16 
14 9 8 3 
15 6 11 2 
4 12 5 13 

第76次结果：
1 7 10 16 
14 12 5 3 
8 2 15 9 
11 13 4 6 

第77次结果：
1 7 10 16 
14 12 5 3 
15 9 8 2 
4 6 11 13 

第78次结果：
1 7 10 16 
15 9 8 2 
12 4 13 5 
6 14 3 11 

第79次结果：
1 7 10 16 
15 9 8 2 
14 6 11 3 
4 12 5 13 

第80次结果：
1 7 10 16 
15 12 5 2 
14 9 8 3 
4 6 11 13 

第81次结果：
1 7 10 16 
15 14 3 2 
12 9 8 5 
6 4 13 11 

第82次结果：
1 7 12 14 
10 16 3 5 
8 2 13 11 
15 9 6 4 

第83次结果：
1 7 12 14 
10 16 3 5 
15 9 6 4 
8 2 13 11 

第84次结果：
1 7 12 14 
16 10 5 3 
6 4 15 9 
11 13 2 8 

第85次结果：
1 7 12 14 
16 10 5 3 
13 11 8 2 
4 6 9 15 

第86次结果：
1 7 14 12 
6 15 4 9 
11 2 13 8 
16 10 3 5 

第87次结果：
1 7 14 12 
8 13 2 11 
9 4 15 6 
16 10 3 5 

第88次结果：
1 7 14 12 
9 15 4 6 
8 2 13 11 
16 10 3 5 

第89次结果：
1 7 14 12 
9 15 4 6 
16 10 5 3 
8 2 11 13 

第90次结果：
1 7 14 12 
10 16 5 3 
8 2 11 13 
15 9 4 6 

第91次结果：
1 7 14 12 
10 16 5 3 
15 9 4 6 
8 2 11 13 

第92次结果：
1 7 14 12 
11 13 2 8 
6 4 15 9 
16 10 3 5 

第93次结果：
1 7 14 12 
16 10 3 5 
4 6 15 9 
13 11 2 8 

第94次结果：
1 7 14 12 
16 10 3 5 
11 13 8 2 
6 4 9 15 

第95次结果：
1 7 16 10 
11 13 4 6 
14 12 5 3 
8 2 9 15 

第96次结果：
1 7 16 10 
12 14 5 3 
6 4 11 13 
15 9 2 8 

第97次结果：
1 7 16 10 
12 14 5 3 
13 11 4 6 
8 2 9 15 

第98次结果：
1 7 16 10 
14 12 3 5 
4 6 13 11 
15 9 2 8 

第99次结果：
1 7 16 10 
14 12 3 5 
11 13 6 4 
8 2 9 15 

第100次结果：
1 7 16 10 
14 13 4 3 
11 12 5 6 
8 2 9 15 

第101次结果：
1 8 9 16 
7 13 4 10 
14 2 15 3 
12 11 6 5 

第102次结果：
1 8 9 16 
14 13 4 3 
7 2 15 10 
12 11 6 5 

第103次结果：
1 8 10 15 
5 14 4 11 
16 3 13 2 
12 9 7 6 

第104次结果：
1 8 10 15 
11 14 4 5 
16 9 7 2 
6 3 13 12 

第105次结果：
1 8 10 15 
12 13 3 6 
7 2 16 9 
14 11 5 4 

第106次结果：
1 8 10 15 
13 12 6 3 
16 9 7 2 
4 5 11 14 

第107次结果：
1 8 10 15 
14 11 5 4 
7 2 16 9 
12 13 3 6 

第108次结果：
1 8 10 15 
16 13 3 2 
5 4 14 11 
12 9 7 6 

第109次结果：
1 8 11 14 
10 15 4 5 
16 9 6 3 
7 2 13 12 

第110次结果：
1 8 11 14 
12 13 2 7 
6 3 16 9 
15 10 5 4 

第111次结果：
1 8 11 14 
13 12 7 2 
16 9 6 3 
4 5 10 15 

第112次结果：
1 8 11 14 
15 10 5 4 
6 3 16 9 
12 13 2 7 

第113次结果：
1 8 12 13 
6 15 3 10 
11 2 14 7 
16 9 5 4 

第114次结果：
1 8 12 13 
7 14 2 11 
10 3 15 6 
16 9 5 4 

第115次结果：
1 8 12 13 
10 15 3 6 
7 2 14 11 
16 9 5 4 

第116次结果：
1 8 12 13 
11 14 2 7 
6 3 15 10 
16 9 5 4 

第117次结果：
1 8 12 13 
14 11 7 2 
15 10 6 3 
4 5 9 16 

第118次结果：
1 8 12 13 
15 10 6 3 
14 11 7 2 
4 5 9 16 

第119次结果：
1 8 13 12 
3 15 6 10 
16 2 11 5 
14 9 4 7 

第120次结果：
1 8 13 12 
10 15 6 3 
16 9 4 5 
7 2 11 14 

第121次结果：
1 8 13 12 
11 14 7 2 
16 9 4 5 
6 3 10 15 

第122次结果：
1 8 13 12 
14 11 2 7 
4 5 16 9 
15 10 3 6 

第123次结果：
1 8 13 12 
15 10 3 6 
4 5 16 9 
14 11 2 7 

第124次结果：
1 8 13 12 
16 11 2 5 
3 6 15 10 
14 9 4 7 

第125次结果：
1 8 14 11 
4 15 5 10 
13 2 12 7 
16 9 3 6 

第126次结果：
1 8 14 11 
7 12 2 13 
10 5 15 4 
16 9 3 6 

第127次结果：
1 8 14 11 
10 15 5 4 
7 2 12 13 
16 9 3 6 

第128次结果：
1 8 14 11 
12 13 7 2 
15 10 4 5 
6 3 9 16 

第129次结果：
1 8 14 11 
13 12 2 7 
4 5 15 10 
16 9 3 6 

第130次结果：
1 8 14 11 
15 10 4 5 
12 13 7 2 
6 3 9 16 

第131次结果：
1 8 15 10 
4 14 5 11 
13 3 12 6 
16 9 2 7 

第132次结果：
1 8 15 10 
6 12 3 13 
11 5 14 4 
16 9 2 7 

第133次结果：
1 8 15 10 
11 14 5 4 
6 3 12 13 
16 9 2 7 

第134次结果：
1 8 15 10 
12 13 6 3 
14 11 4 5 
7 2 9 16 

第135次结果：
1 8 15 10 
13 12 3 6 
4 5 14 11 
16 9 2 7 

第136次结果：
1 8 15 10 
14 11 4 5 
12 13 6 3 
7 2 9 16 

第137次结果：
1 9 8 16 
7 15 2 10 
14 4 13 3 
12 6 11 5 

第138次结果：
1 9 8 16 
14 15 2 3 
7 4 13 10 
12 6 11 5 

第139次结果：
1 9 16 8 
4 12 5 13 
14 6 11 3 
15 7 2 10 

第140次结果：
1 9 16 8 
4 12 5 13 
15 7 10 2 
14 6 3 11 

第141次结果：
1 9 16 8 
7 15 10 2 
14 4 5 11 
12 6 3 13 

第142次结果：
1 9 16 8 
14 12 5 3 
4 6 11 13 
15 7 2 10 

第143次结果：
1 9 16 8 
15 12 5 2 
4 7 10 13 
14 6 3 11 

第144次结果：
1 10 7 16 
8 15 2 9 
12 3 14 5 
13 6 11 4 

第145次结果：
1 10 7 16 
8 15 2 9 
14 5 12 3 
11 4 13 6 

第146次结果：
1 10 7 16 
12 8 9 5 
15 3 14 2 
6 13 4 11 

第147次结果：
1 10 7 16 
12 13 4 5 
15 8 9 2 
6 3 14 11 

第148次结果：
1 10 7 16 
12 15 2 5 
8 3 14 9 
13 6 11 4 

第149次结果：
1 10 7 16 
14 8 9 3 
15 5 12 2 
4 11 6 13 

第150次结果：
1 10 7 16 
14 11 6 3 
15 8 9 2 
4 5 12 13 

第151次结果：
1 10 7 16 
14 15 2 3 
8 5 12 9 
11 4 13 6 

第152次结果：
1 10 7 16 
15 8 9 2 
12 3 14 5 
6 13 4 11 

第153次结果：
1 10 7 16 
15 8 9 2 
14 5 12 3 
4 11 6 13 

第154次结果：
1 10 7 16 
15 11 6 2 
14 8 9 3 
4 5 12 13 

第155次结果：
1 10 7 16 
15 13 4 2 
12 8 9 5 
6 3 14 11 

第156次结果：
1 10 8 15 
5 14 4 11 
16 3 13 2 
12 7 9 6 

第157次结果：
1 10 8 15 
7 16 2 9 
12 3 13 6 
14 5 11 4 

第158次结果：
1 10 8 15 
7 16 2 9 
14 5 11 4 
12 3 13 6 

第159次结果：
1 10 8 15 
16 7 9 2 
11 4 14 5 
6 13 3 12 

第160次结果：
1 10 8 15 
16 7 9 2 
13 6 12 3 
4 11 5 14 

第161次结果：
1 10 8 15 
16 13 3 2 
5 4 14 11 
12 7 9 6 

第162次结果：
1 10 15 8 
3 13 6 12 
14 4 11 5 
16 7 2 9 

第163次结果：
1 10 15 8 
5 11 4 14 
12 6 13 3 
16 7 2 9 

第164次结果：
1 10 15 8 
5 14 11 4 
16 3 6 9 
12 7 2 13 

第165次结果：
1 10 15 8 
7 16 9 2 
12 3 6 13 
14 5 4 11 

第166次结果：
1 10 15 8 
7 16 9 2 
14 5 4 11 
12 3 6 13 

第167次结果：
1 10 15 8 
12 13 6 3 
5 4 11 14 
16 7 2 9 

第168次结果：
1 10 15 8 
14 11 4 5 
3 6 13 12 
16 7 2 9 

第169次结果：
1 10 15 8 
16 6 3 9 
5 11 14 4 
12 7 2 13 

第170次结果：
1 10 15 8 
16 7 2 9 
4 11 14 5 
13 6 3 12 

第171次结果：
1 10 15 8 
16 7 2 9 
6 13 12 3 
11 4 5 14 

第172次结果：
1 10 16 7 
8 15 9 2 
11 4 6 13 
14 5 3 12 

第173次结果：
1 10 16 7 
8 15 9 2 
13 6 4 11 
12 3 5 14 

第174次结果：
1 10 16 7 
15 8 2 9 
4 11 13 6 
14 5 3 12 

第175次结果：
1 10 16 7 
15 8 2 9 
6 13 11 4 
12 3 5 14 

第176次结果：
1 11 6 16 
7 13 4 10 
14 2 15 3 
12 8 9 5 

第177次结果：
1 11 6 16 
8 14 3 9 
12 2 15 5 
13 7 10 4 

第178次结果：
1 11 6 16 
8 14 3 9 
15 5 12 2 
10 4 13 7 

第179次结果：
1 11 6 16 
12 8 9 5 
14 2 15 3 
7 13 4 10 

第180次结果：
1 11 6 16 
12 14 3 5 
8 2 15 9 
13 7 10 4 

第181次结果：
1 11 6 16 
12 14 3 5 
13 7 10 4 
8 2 15 9 

第182次结果：
1 11 6 16 
13 14 3 4 
12 7 10 5 
8 2 15 9 

第183次结果：
1 11 6 16 
14 8 9 3 
12 2 15 5 
7 13 4 10 

第184次结果：
1 11 6 16 
14 8 9 3 
15 5 12 2 
4 10 7 13 

第185次结果：
1 11 6 16 
14 13 4 3 
7 2 15 10 
12 8 9 5 

第186次结果：
1 11 6 16 
15 8 9 2 
14 5 12 3 
4 10 7 13 

第187次结果：
1 11 6 16 
15 14 3 2 
8 5 12 9 
10 4 13 7 

第188次结果：
1 11 8 14 
6 16 3 9 
12 2 13 7 
15 5 10 4 

第189次结果：
1 11 8 14 
6 16 3 9 
15 5 10 4 
12 2 13 7 

第190次结果：
1 11 8 14 
16 6 9 3 
10 4 15 5 
7 13 2 12 

第191次结果：
1 11 8 14 
16 6 9 3 
13 7 12 2 
4 10 5 15 

第192次结果：
1 11 14 8 
6 16 9 3 
12 2 7 13 
15 5 4 10 

第193次结果：
1 11 14 8 
6 16 9 3 
15 5 4 10 
12 2 7 13 

第194次结果：
1 11 14 8 
7 13 12 2 
16 4 5 9 
10 6 3 15 

第195次结果：
1 11 14 8 
16 5 4 9 
7 12 13 2 
10 6 3 15 

第196次结果：
1 11 14 8 
16 6 3 9 
4 10 15 5 
13 7 2 12 

第197次结果：
1 11 14 8 
16 6 3 9 
7 13 12 2 
10 4 5 15 

第198次结果：
1 11 16 6 
8 14 9 3 
10 4 7 13 
15 5 2 12 

第199次结果：
1 11 16 6 
8 14 9 3 
13 7 4 10 
12 2 5 15 

第200次结果：
1 11 16 6 
14 8 3 9 
4 10 13 7 
15 5 2 12 

第201次结果：
1 11 16 6 
14 8 3 9 
7 13 10 4 
12 2 5 15 

第202次结果：
1 12 5 16 
10 13 4 7 
15 6 11 2 
8 3 14 9 

第203次结果：
1 12 5 16 
14 9 8 3 
15 6 11 2 
4 7 10 13 

第204次结果：
1 12 5 16 
15 9 8 2 
14 6 11 3 
4 7 10 13 

第205次结果：
1 12 5 16 
15 13 4 2 
10 6 11 7 
8 3 14 9 

第206次结果：
1 12 6 15 
7 14 4 9 
16 5 11 2 
10 3 13 8 

第207次结果：
1 12 6 15 
8 13 3 10 
11 2 16 5 
14 7 9 4 

第208次结果：
1 12 6 15 
13 8 10 3 
16 5 11 2 
4 9 7 14 

第209次结果：
1 12 6 15 
13 10 8 3 
16 7 9 2 
4 5 11 14 

第210次结果：
1 12 6 15 
14 7 9 4 
11 2 16 5 
8 13 3 10 

第211次结果：
1 12 6 15 
16 9 7 2 
13 8 10 3 
4 5 11 14 

第212次结果：
1 12 7 14 
6 15 4 9 
16 5 10 3 
11 2 13 8 

第213次结果：
1 12 7 14 
8 13 2 11 
10 3 16 5 
15 6 9 4 

第214次结果：
1 12 7 14 
13 8 11 2 
16 5 10 3 
4 9 6 15 

第215次结果：
1 12 7 14 
15 6 9 4 
10 3 16 5 
8 13 2 11 

第216次结果：
1 12 8 13 
6 15 3 10 
11 2 14 7 
16 5 9 4 

第217次结果：
1 12 8 13 
7 14 2 11 
10 3 15 6 
16 5 9 4 

第218次结果：
1 12 8 13 
10 15 3 6 
7 2 14 11 
16 5 9 4 

第219次结果：
1 12 8 13 
11 14 2 7 
6 3 15 10 
16 5 9 4 

第220次结果：
1 12 8 13 
14 7 11 2 
15 6 10 3 
4 9 5 16 

第221次结果：
1 12 8 13 
15 6 10 3 
14 7 11 2 
4 9 5 16 

第222次结果：
1 12 13 8 
2 14 7 11 
15 3 10 6 
16 5 4 9 

第223次结果：
1 12 13 8 
3 15 10 6 
16 2 7 9 
14 5 4 11 

第224次结果：
1 12 13 8 
6 10 3 15 
11 7 14 2 
16 5 4 9 

第225次结果：
1 12 13 8 
6 15 10 3 
16 5 4 9 
11 2 7 14 

第226次结果：
1 12 13 8 
7 14 11 2 
16 5 4 9 
10 3 6 15 

第227次结果：
1 12 13 8 
11 14 7 2 
6 3 10 15 
16 5 4 9 

第228次结果：
1 12 13 8 
14 7 2 11 
4 9 16 5 
15 6 3 10 

第229次结果：
1 12 13 8 
15 6 3 10 
4 9 16 5 
14 7 2 11 

第230次结果：
1 12 13 8 
15 10 3 6 
2 7 14 11 
16 5 4 9 

第231次结果：
1 12 13 8 
16 7 2 9 
3 10 15 6 
14 5 4 11 

第232次结果：
1 12 13 8 
16 9 4 5 
2 7 14 11 
15 6 3 10 

第233次结果：
1 12 14 7 
4 15 9 6 
13 2 8 11 
16 5 3 10 

第234次结果：
1 12 14 7 
6 15 9 4 
11 2 8 13 
16 5 3 10 

第235次结果：
1 12 14 7 
8 13 11 2 
15 6 4 9 
10 3 5 16 

第236次结果：
1 12 14 7 
11 8 2 13 
6 9 15 4 
16 5 3 10 

第237次结果：
1 12 14 7 
13 8 2 11 
4 9 15 6 
16 5 3 10 

第238次结果：
1 12 14 7 
15 6 4 9 
8 13 11 2 
10 3 5 16 

第239次结果：
1 12 15 6 
3 13 8 10 
14 4 9 7 
16 5 2 11 

第240次结果：
1 12 15 6 
4 14 9 7 
13 3 8 10 
16 5 2 11 

第241次结果：
1 12 15 6 
7 9 4 14 
10 8 13 3 
16 5 2 11 

第242次结果：
1 12 15 6 
7 14 9 4 
10 3 8 13 
16 5 2 11 

第243次结果：
1 12 15 6 
8 13 10 3 
14 7 4 9 
11 2 5 16 

第244次结果：
1 12 15 6 
10 8 3 13 
7 9 14 4 
16 5 2 11 

第245次结果：
1 12 15 6 
10 13 8 3 
7 4 9 14 
16 5 2 11 

第246次结果：
1 12 15 6 
13 8 3 10 
4 9 14 7 
16 5 2 11 

第247次结果：
1 12 15 6 
14 7 4 9 
8 13 10 3 
11 2 5 16 

第248次结果：
1 12 15 6 
14 9 4 7 
3 8 13 10 
16 5 2 11 

第249次结果：
1 13 4 16 
8 12 5 9 
14 2 15 3 
11 7 10 6 

第250次结果：
1 13 4 16 
8 12 5 9 
15 3 14 2 
10 6 11 7 

第251次结果：
1 13 4 16 
12 8 9 5 
14 2 15 3 
7 11 6 10 

第252次结果：
1 13 4 16 
12 8 9 5 
15 3 14 2 
6 10 7 11 

第253次结果：
1 13 4 16 
14 8 9 3 
12 2 15 5 
7 11 6 10 

第254次结果：
1 13 4 16 
14 12 5 3 
8 2 15 9 
11 7 10 6 

第255次结果：
1 13 4 16 
15 8 9 2 
12 3 14 5 
6 10 7 11 

第256次结果：
1 13 4 16 
15 12 5 2 
8 3 14 9 
10 6 11 7 

第257次结果：
1 13 8 12 
3 15 6 10 
16 2 11 5 
14 4 9 7 

第258次结果：
1 13 8 12 
4 16 5 9 
14 2 11 7 
15 3 10 6 

第259次结果：
1 13 8 12 
4 16 5 9 
15 3 10 6 
14 2 11 7 

第260次结果：
1 13 8 12 
16 4 9 5 
10 6 15 3 
7 11 2 14 

第261次结果：
1 13 8 12 
16 4 9 5 
11 7 14 2 
6 10 3 15 

第262次结果：
1 13 8 12 
16 11 2 5 
3 6 15 10 
14 4 9 7 

第263次结果：
1 13 12 8 
2 14 7 11 
15 3 10 6 
16 4 5 9 

第264次结果：
1 13 12 8 
2 14 7 11 
16 4 9 5 
15 3 6 10 

第265次结果：
1 13 12 8 
3 15 10 6 
16 2 7 9 
14 4 5 11 

第266次结果：
1 13 12 8 
4 16 9 5 
14 2 7 11 
15 3 6 10 

第267次结果：
1 13 12 8 
4 16 9 5 
15 3 6 10 
14 2 7 11 

第268次结果：
1 13 12 8 
6 10 3 15 
11 7 14 2 
16 4 5 9 

第269次结果：
1 13 12 8 
11 14 7 2 
6 3 10 15 
16 4 5 9 

第270次结果：
1 13 12 8 
15 10 3 6 
2 7 14 11 
16 4 5 9 

第271次结果：
1 13 12 8 
16 4 5 9 
6 10 15 3 
11 7 2 14 

第272次结果：
1 13 12 8 
16 4 5 9 
7 11 14 2 
10 6 3 15 

第273次结果：
1 13 12 8 
16 7 2 9 
3 10 15 6 
14 4 5 11 

第274次结果：
1 13 16 4 
6 10 7 11 
12 8 9 5 
15 3 2 14 

第275次结果：
1 13 16 4 
8 12 9 5 
10 6 7 11 
15 3 2 14 

第276次结果：
1 13 16 4 
8 12 9 5 
11 7 6 10 
14 2 3 15 

第277次结果：
1 13 16 4 
12 8 5 9 
6 10 11 7 
15 3 2 14 

第278次结果：
1 13 16 4 
12 8 5 9 
7 11 10 6 
14 2 3 15 

第279次结果：
1 13 16 4 
12 10 7 5 
6 8 9 11 
15 3 2 14 

第280次结果：
1 14 3 16 
10 11 6 7 
15 4 13 2 
8 5 12 9 

第281次结果：
1 14 3 16 
12 9 8 5 
15 4 13 2 
6 7 10 11 

第282次结果：
1 14 3 16 
15 9 8 2 
12 4 13 5 
6 7 10 11 

第283次结果：
1 14 3 16 
15 11 6 2 
10 4 13 7 
8 5 12 9 

第284次结果：
1 14 4 15 
7 12 6 9 
16 3 13 2 
10 5 11 8 

第285次结果：
1 14 4 15 
8 11 5 10 
13 2 16 3 
12 7 9 6 

第286次结果：
1 14 4 15 
9 12 6 7 
16 5 11 2 
8 3 13 10 

第287次结果：
1 14 4 15 
11 8 10 5 
16 3 13 2 
6 9 7 12 

第288次结果：
1 14 4 15 
12 7 9 6 
13 2 16 3 
8 11 5 10 

第289次结果：
1 14 4 15 
16 11 5 2 
9 6 12 7 
8 3 13 10 

第290次结果：
1 14 7 12 
4 15 6 9 
16 3 10 5 
13 2 11 8 

第291次结果：
1 14 7 12 
6 15 4 9 
11 2 13 8 
16 3 10 5 

第292次结果：
1 14 7 12 
8 11 2 13 
10 5 16 3 
15 4 9 6 

第293次结果：
1 14 7 12 
8 13 2 11 
9 4 15 6 
16 3 10 5 

第294次结果：
1 14 7 12 
9 15 4 6 
8 2 13 11 
16 3 10 5 

第295次结果：
1 14 7 12 
11 8 13 2 
16 3 10 5 
6 9 4 15 

第296次结果：
1 14 7 12 
11 13 2 8 
6 4 15 9 
16 3 10 5 

第297次结果：
1 14 7 12 
15 4 9 6 
10 5 16 3 
8 11 2 13 

第298次结果：
1 14 7 12 
16 5 10 3 
9 4 15 6 
8 11 2 13 

第299次结果：
1 14 8 11 
4 15 5 10 
13 2 12 7 
16 3 9 6 

第300次结果：
1 14 8 11 
7 12 2 13 
10 5 15 4 
16 3 9 6 

第301次结果：
1 14 8 11 
10 15 5 4 
7 2 12 13 
16 3 9 6 

第302次结果：
1 14 8 11 
12 7 13 2 
15 4 10 5 
6 9 3 16 

第303次结果：
1 14 8 11 
13 12 2 7 
4 5 15 10 
16 3 9 6 

第304次结果：
1 14 8 11 
15 4 10 5 
12 7 13 2 
6 9 3 16 

第305次结果：
1 14 11 8 
4 15 10 5 
16 3 6 9 
13 2 7 12 

第306次结果：
1 14 11 8 
7 12 13 2 
16 3 6 9 
10 5 4 15 

第307次结果：
1 14 11 8 
7 13 12 2 
16 4 5 9 
10 3 6 15 

第308次结果：
1 14 11 8 
12 7 2 13 
6 9 16 3 
15 4 5 10 

第309次结果：
1 14 11 8 
15 4 5 10 
6 9 16 3 
12 7 2 13 

第310次结果：
1 14 11 8 
16 5 4 9 
7 12 13 2 
10 3 6 15 

第311次结果：
1 14 12 7 
4 15 9 6 
13 2 8 11 
16 3 5 10 

第312次结果：
1 14 12 7 
6 15 9 4 
11 2 8 13 
16 3 5 10 

第313次结果：
1 14 12 7 
8 11 13 2 
15 4 6 9 
10 5 3 16 

第314次结果：
1 14 12 7 
11 8 2 13 
6 9 15 4 
16 3 5 10 

第315次结果：
1 14 12 7 
13 8 2 11 
4 9 15 6 
16 3 5 10 

第316次结果：
1 14 12 7 
15 4 6 9 
8 11 13 2 
10 5 3 16 

第317次结果：
1 14 15 4 
5 11 8 10 
12 6 9 7 
16 3 2 13 

第318次结果：
1 14 15 4 
6 12 9 7 
11 5 8 10 
16 3 2 13 

第319次结果：
1 14 15 4 
7 9 6 12 
10 8 11 5 
16 3 2 13 

第320次结果：
1 14 15 4 
7 12 9 6 
10 5 8 11 
16 3 2 13 

第321次结果：
1 14 15 4 
8 11 10 5 
12 7 6 9 
13 2 3 16 

第322次结果：
1 14 15 4 
10 8 5 11 
7 9 12 6 
16 3 2 13 

第323次结果：
1 14 15 4 
10 11 8 5 
7 6 9 12 
16 3 2 13 

第324次结果：
1 14 15 4 
11 8 5 10 
6 9 12 7 
16 3 2 13 

第325次结果：
1 14 15 4 
12 7 6 9 
8 11 10 5 
13 2 3 16 

第326次结果：
1 14 15 4 
12 9 6 7 
5 8 11 10 
16 3 2 13 

第327次结果：
1 15 2 16 
12 10 7 5 
13 3 14 4 
8 6 11 9 

第328次结果：
1 15 2 16 
13 10 7 4 
12 3 14 5 
8 6 11 9 

第329次结果：
1 15 4 14 
6 12 7 9 
16 2 13 3 
11 5 10 8 

第330次结果：
1 15 4 14 
8 10 5 11 
13 3 16 2 
12 6 9 7 

第331次结果：
1 15 4 14 
9 12 7 6 
16 5 10 3 
8 2 13 11 

第332次结果：
1 15 4 14 
10 8 11 5 
16 2 13 3 
7 9 6 12 

第333次结果：
1 15 4 14 
12 6 9 7 
13 3 16 2 
8 10 5 11 

第334次结果：
1 15 4 14 
16 10 5 3 
9 7 12 6 
8 2 13 11 

第335次结果：
1 15 6 12 
4 14 7 9 
16 2 11 5 
13 3 10 8 

第336次结果：
1 15 6 12 
8 10 3 13 
11 5 16 2 
14 4 9 7 

第337次结果：
1 15 6 12 
10 8 13 3 
16 2 11 5 
7 9 4 14 

第338次结果：
1 15 6 12 
14 4 9 7 
11 5 16 2 
8 10 3 13 

第339次结果：
1 15 8 10 
4 14 5 11 
13 3 12 6 
16 2 9 7 

第340次结果：
1 15 8 10 
6 12 3 13 
11 5 14 4 
16 2 9 7 

第341次结果：
1 15 8 10 
11 14 5 4 
6 3 12 13 
16 2 9 7 

第342次结果：
1 15 8 10 
12 6 13 3 
14 4 11 5 
7 9 2 16 

第343次结果：
1 15 8 10 
13 12 3 6 
4 5 14 11 
16 2 9 7 

第344次结果：
1 15 8 10 
14 4 11 5 
12 6 13 3 
7 9 2 16 

第345次结果：
1 15 10 8 
3 13 6 12 
14 4 11 5 
16 2 7 9 

第346次结果：
1 15 10 8 
4 14 11 5 
16 2 7 9 
13 3 6 12 

第347次结果：
1 15 10 8 
5 11 4 14 
12 6 13 3 
16 2 7 9 

第348次结果：
1 15 10 8 
5 14 11 4 
16 3 6 9 
12 2 7 13 

第349次结果：
1 15 10 8 
6 12 13 3 
16 2 7 9 
11 5 4 14 

第350次结果：
1 15 10 8 
12 6 3 13 
7 9 16 2 
14 4 5 11 

第351次结果：
1 15 10 8 
12 13 6 3 
5 4 11 14 
16 2 7 9 

第352次结果：
1 15 10 8 
14 4 5 11 
7 9 16 2 
12 6 3 13 

第353次结果：
1 15 10 8 
14 11 4 5 
3 6 13 12 
16 2 7 9 

第354次结果：
1 15 10 8 
16 6 3 9 
5 11 14 4 
12 2 7 13 

第355次结果：
1 15 12 6 
3 13 8 10 
14 4 9 7 
16 2 5 11 

第356次结果：
1 15 12 6 
4 14 9 7 
13 3 8 10 
16 2 5 11 

第357次结果：
1 15 12 6 
7 9 4 14 
10 8 13 3 
16 2 5 11 

第358次结果：
1 15 12 6 
7 14 9 4 
10 3 8 13 
16 2 5 11 

第359次结果：
1 15 12 6 
8 10 13 3 
14 4 7 9 
11 5 2 16 

第360次结果：
1 15 12 6 
10 8 3 13 
7 9 14 4 
16 2 5 11 

第361次结果：
1 15 12 6 
10 13 8 3 
7 4 9 14 
16 2 5 11 

第362次结果：
1 15 12 6 
13 8 3 10 
4 9 14 7 
16 2 5 11 

第363次结果：
1 15 12 6 
14 4 7 9 
8 10 13 3 
11 5 2 16 

第364次结果：
1 15 12 6 
14 9 4 7 
3 8 13 10 
16 2 5 11 

第365次结果：
1 15 14 4 
5 11 8 10 
12 6 9 7 
16 2 3 13 

第366次结果：
1 15 14 4 
6 12 9 7 
11 5 8 10 
16 2 3 13 

第367次结果：
1 15 14 4 
7 9 6 12 
10 8 11 5 
16 2 3 13 

第368次结果：
1 15 14 4 
7 12 9 6 
10 5 8 11 
16 2 3 13 

第369次结果：
1 15 14 4 
8 10 11 5 
12 6 7 9 
13 3 2 16 

第370次结果：
1 15 14 4 
10 8 5 11 
7 9 12 6 
16 2 3 13 

第371次结果：
1 15 14 4 
10 11 8 5 
7 6 9 12 
16 2 3 13 

第372次结果：
1 15 14 4 
11 8 5 10 
6 9 12 7 
16 2 3 13 

第373次结果：
1 15 14 4 
12 6 7 9 
8 10 11 5 
13 3 2 16 

第374次结果：
1 15 14 4 
12 9 6 7 
5 8 11 10 
16 2 3 13 

第375次结果：
1 16 2 15 
12 9 7 6 
13 4 14 3 
8 5 11 10 

第376次结果：
1 16 3 14 
8 11 6 9 
13 2 15 4 
12 5 10 7 

第377次结果：
1 16 3 14 
12 7 10 5 
13 2 15 4 
8 9 6 11 

第378次结果：
1 16 3 14 
13 7 10 4 
12 2 15 5 
8 9 6 11 

第379次结果：
1 16 3 14 
13 11 6 4 
8 2 15 9 
12 5 10 7 

第380次结果：
1 16 4 13 
6 11 7 10 
15 2 14 3 
12 5 9 8 

第381次结果：
1 16 4 13 
7 10 6 11 
14 3 15 2 
12 5 9 8 

第382次结果：
1 16 4 13 
10 7 11 6 
15 2 14 3 
8 9 5 12 

第383次结果：
1 16 4 13 
11 6 10 7 
14 3 15 2 
8 9 5 12 

第384次结果：
1 16 5 12 
8 13 4 9 
10 3 14 7 
15 2 11 6 

第385次结果：
1 16 5 12 
10 6 11 7 
15 3 14 2 
8 9 4 13 

第386次结果：
1 16 5 12 
10 13 4 7 
8 3 14 9 
15 2 11 6 

第387次结果：
1 16 5 12 
15 6 11 2 
10 3 14 7 
8 9 4 13 

第388次结果：
1 16 6 11 
4 13 7 10 
15 2 12 5 
14 3 9 8 

第389次结果：
1 16 6 11 
7 10 4 13 
12 5 15 2 
14 3 9 8 

第390次结果：
1 16 6 11 
10 7 13 4 
15 2 12 5 
8 9 3 14 

第391次结果：
1 16 6 11 
13 4 10 7 
12 5 15 2 
8 9 3 14 

第392次结果：
1 16 7 10 
4 13 6 11 
14 3 12 5 
15 2 9 8 

第393次结果：
1 16 7 10 
6 11 4 13 
12 5 14 3 
15 2 9 8 

第394次结果：
1 16 7 10 
11 5 12 6 
14 4 13 3 
8 9 2 15 

第395次结果：
1 16 7 10 
11 6 13 4 
14 3 12 5 
8 9 2 15 

第396次结果：
1 16 7 10 
13 4 11 6 
12 5 14 3 
8 9 2 15 

第397次结果：
1 16 7 10 
14 5 12 3 
11 4 13 6 
8 9 2 15 

第398次结果：
1 16 9 8 
4 10 7 13 
15 5 12 2 
14 3 6 11 

第399次结果：
1 16 9 8 
4 11 6 13 
14 5 12 3 
15 2 7 10 

第400次结果：
1 16 9 8 
14 5 4 11 
7 10 15 2 
12 3 6 13 

第401次结果：
1 16 9 8 
14 11 6 3 
4 5 12 13 
15 2 7 10 

第402次结果：
1 16 9 8 
15 10 7 2 
4 5 12 13 
14 3 6 11 

第403次结果：
1 16 10 7 
4 13 11 6 
15 2 8 9 
14 3 5 12 

第404次结果：
1 16 10 7 
6 11 13 4 
15 2 8 9 
12 5 3 14 

第405次结果：
1 16 10 7 
11 6 4 13 
8 9 15 2 
14 3 5 12 

第406次结果：
1 16 10 7 
13 4 6 11 
8 9 15 2 
12 5 3 14 

第407次结果：
1 16 11 6 
4 13 10 7 
14 3 8 9 
15 2 5 12 

第408次结果：
1 16 11 6 
7 10 13 4 
14 3 8 9 
12 5 2 15 

第409次结果：
1 16 11 6 
10 7 4 13 
8 9 14 3 
15 2 5 12 

第410次结果：
1 16 11 6 
13 4 7 10 
8 9 14 3 
12 5 2 15 

第411次结果：
1 16 13 4 
6 9 8 11 
12 7 10 5 
15 2 3 14 

第412次结果：
1 16 13 4 
6 11 10 7 
12 5 8 9 
15 2 3 14 

第413次结果：
1 16 13 4 
7 10 11 6 
12 5 8 9 
14 3 2 15 

第414次结果：
1 16 13 4 
10 7 6 11 
8 9 12 5 
15 2 3 14 

第415次结果：
1 16 13 4 
11 6 7 10 
8 9 12 5 
14 3 2 15 

第416次结果：
1 16 13 4 
12 9 8 5 
6 7 10 11 
15 2 3 14 

BFS time is: 0.684s
